Oregon
	23
	29
	37
	51
	53
	71
	86
	113
	149
	150
	155
	166
	178
	186
	192
	231
	235
	251
	268
	274
	277
	298
	322
	323
	343
	345
	358
	399
	434
	437
	449
	450
	451
	454
	491
	493
	506
	587
	600
Mexico
	5
	25
	44
	81
	88
	89
	91
	108
	145
	152
	189
	203
	203
	215
	225
	234
	244
	248
	265
	275
	282
	287
	331
	392
	409
	410
	411
	423
	429
	442
	464
	482
	501
	503
	522
	534
	537
	538
	541
	546
	563
	566
	571
	632
	633
	634
	639
	641
California
	1
	13
	19
	24
	32
	39
	45
	56
	57
	59
	60
	63
	64
	64
	70
	77
	96
	99
	104
	107
	132
	135
	141
	147
	151
	153
	156
	157
	162
	163
	167
	168
	173
	180
	182
	190
	205
	214
	216
	236
	239
	241
	243
	245
	253
	258
	271
	292
	293
	301
	312
	334
	337
	340
	342
	347
	350
	353
	357
	360
	369
	372
	396
	421
	433
	441
	455
	467
	469
	473
	474
	489
	500
	511
	529
	539
	543
	543
	548
	558
	583
	584
	589
	591
	592
	602
	602
	603
	605
	606
	620
	736
	939
	940
Washington
	7
	21
	42
	48
	61
	65
	66
	69
	84
	105
	179
	199
	221
	230
	276
	288
	300
	300
	305
	314
	332
	338
	346
	351
	387
	397
	407
	418
	424
	432
	466
	468
	509
	540
	556
	564
	575
	599
	609
	737
Columbia
	6
	9
	14
	16
	17
	20
	27
	28
	34
	79
	125
	134
	139
	142
	148
	169
	177
	188
	194
	195
	196
	202
	218
	238
	250
	262
	299
	311
	316
	321
	356
	370
	393
	398
	416
	420
	448
	461
	487
	492
	505
	507
	514
	557
	561
	594
	607
	738
Colorado
	38
	55
	78
	82
	87
	90
	109
	112
	115
	118
	121
	123
	124
	129
	144
	185
	191
	193
	203
	208
	209
	217
	228
	233
	249
	256
	259
	267
	269
	302
	308
	310
	315
	355
	366
	374
	376
	385
	390
	394
	401
	405
	408
	412
	414
	415
	415
	422
	430
	443
	445
	452
	453
	456
	460
	465
	490
	494
	498
	504
	510
	515
	523
	524
	525
	527
	531
	532
	544
	550
	554
	560
	565
	568
	570
	572
	586
	586
	593
	601
	608
	610
	630
	635
	636
	637
	638
	640
	642
	642
	643
	644
	645
	646
	647
	648
	649
Arizona
	2
	33
	35
	49
	62
	62
	85
	93
	94
	114
	130
	164
	175
	207
	212
	232
	242
	247
	289
	296
	317
	318
	330
	335
	349
	359
	362
	381
	386
	388
	395
	402
	427
	431
	438
	439
	483
	502
	516
	517
	518
	519
	520
	553
	582
	596
	597
	604
	631
Idaho
	18
	30
	52
	116
	140
	172
	198
	278
	280
	281
	290
	365
	379
	400
	435
	578
	590
	595
Baja
	4
	41
	80
	97
	136
	158
	174
	176
	325
	481
	650
	651
	866
Utah
	3
	10
	12
	26
	40
	43
	50
	58
	67
	72
	74
	75
	76
	98
	102
	106
	127
	128
	131
	133
	138
	170
	197
	204
	213
	222
	224
	240
	246
	257
	264
	266
	270
	279
	294
	303
	306
	309
	319
	320
	324
	324
	326
	341
	348
	352
	354
	361
	364
	368
	373
	378
	383
	384
	391
	403
	403
	404
	413
	428
	436
	440
	446
	457
	459
	470
	472
	472
	478
	484
	488
	495
	496
	497
	499
	508
	513
	530
	535
	542
	547
	549
	551
	569
	574
	576
	577
	581
	611
	611
	619
	621
	621
	622
	623
	624
	625
	626
	627
	628
	629
Texas
	31
	108
	200
	255
	227
	423
	486
	545
	571
	676
	677
	678
	792
	793
	794
	795
	796
	797
	798
	799
	878
	879
	880
	881
	882
	884
	885
	892
	893
	894
	895
	896
	897
	898
	899
	900
	901
	902
	903
	904
	905
	906
	907
	908
	909
	910
	911
	912
	913
	914
	915
	916
	917
	918
	919
	920
	921
	922
	923
	924
	925
	926
	927
	928
	929
	930
	931
	932
	933
	934
	935
	936
	937
	938
Louisiana
	870
	871
	872
	873
	874
	875
	876
	881
Oklahoma
	103
	615
	616
	617
	618
	808
	867
	869
	877
	883
	886
	887
	888
	889
	890
	891
West Mexico
	15
	22
	83
	95
	101
	110
	117
	119
	120
	122
	143
	146
	181
	206
	229
	254
	260
	272
	283
	297
	377
	444
	471
	477
	479
	528
	533
	555
	559
	579
	588
	679
	680
	681
	682
	683
	684
	685
	686
	687
	688
	689
	692
	739
	740
	741
	742
	744
	749
	751
Central Mexico
	743
	745
	746
	747
	748
	750
	752
	753
	754
	755
	756
	757
	758
	759
	760
	761
	763
	763
	764
	765
	766
	767
	768
	769
	770
	771
	772
	773
	774
	774
	775
	779
	780
	781
	782
	784
	791
South Mexico
	776
	777
	778
	783
	785
	786
	787
	800
	801
	802
	803
	804
	806
	807
	808
	809
	810
	811
	812
	813
	814
	815
	816
	817
	818
	863
East Mexico
	36
	111
	419
	562
	788
	790
	819
	820
	821
	822
	823
	824
	825
	826
	827
	828
	829
	830
	831
	832
	833
	834
	835
	836
	837
	838
	862
	864
	865
